46 3203
178 1199
15 6406
244 2857
851 321
3 2217
327 609
228 3755
476 4131
505 1482
60 2377
9 5874
2 6139
188 1528
108 6680
176 3050
422 3854
230 3959
1 11698
374 1058
98 3583
588 773
168 5689
475 987
58 4222
11 1634
302 2630
578 2372
88 5984
268 3210
3 7692
379 1228
39 5406
5 6742
18 5788
191 4166
46 3892
109 4442
280 1622
76 2214
10 7898
673 2377
98 6083
73 4275
2 4520
15 2834
593 3001
242 2299
211 2132
380 2054
225 2444
5 3080
203 2787
9 1932
3 6294
187 2629
86 3235
466 2590
142 9867
85 3984
110 2419
69 9293
30 2566
90 2793
84 2954
583 2202
206 2582
114 2428
525 4185
522 6035
11 3062
282 3407
3 5687
25 6218
374 2370
281 2775
343 3367
137 3900
84 2188
199 2781
583 3182
208 2256
141 3634
305 3041
20 6462
128 2630
5 6257
98 3801
369 4082
14 6957
2 8897
86 2828
42 2411
34 7915
43 5825
33 6362
30 7383
63 6876
102 8149
441 3865
72 3619
259 4293
463 3011
335 1961
75 4154
303 2865
488 1710
723 1831
684 2685
1234 2741
45 4524
481 1275
1169 1878
1214 1732
328 3391
253 2425
462 924
983 952
158 2692
134 2937
407 893
319 3113
93 4344
288 3298
764 1168
81 2170
44 5879
120 4449
1 10747
4 6614
2 6656
1 9108
5 7855
1 11346
22 9515
3 13481
1 31404
84 4246
2 11794
203 4535
266 3830
12 5225
64 5014
2 9896
11 7876
2 9938
1 7530
9 6819
65 4331
28 4301
1688 2301
1 12784
2 10933
14 8404
4 9249
744 3677
325 1887
19 8722
18 6120
685 2838
267 4828
352 4821
62 6511
2 10215
3 9988
1 12731
1 10817
136 3350
1 9434
78 7222
8 12430
206 4130
141 5418
3 6705
1 12898
53 4432
3 6043
77 3208
9 5596
20 5072
13 2545
6 11808
136 2543
85 8200
1614 1521
742 3274
13 6336
57 3365
7 6128
2 12400
1 13366
918 1443
60 5129
1 6655
4 5878
1565 6512
487 3782
59 5376
188 3469
160 3912
381 4368
6 12471
1275 1575
16 3261
537 3008
463 750
85 898
3 12370
2 10290
2 8985
3 10873
8 7927
2 6481
20 11127
49 4557
55 3266
193 3699
111 2795
161 3049
835 1247
1 8205
1565 2192
106 2330
286 4264
8 4807
181 4699
2 7138
27 6342
4 6153
100 5607
1 4805
1 10612
10 12884
27 4122
12 5438
1 12463
43 8614
3 9761
8 7614
3 6694
11 6723
2 11369
7 11596
990 1613
2 11142
12 9955
797 1821
11 7271
113 2381
467 1855
2 10206
1 9657
3 9402
537 2252
3 9661
5 10146
4 9311
3 10960
5 8799
9 8430
60 5306
65 2928
97 2213
18 3971
469 401
64 3455
145 2804
24 4565
815 1101
249 1854
97 821
5 4586
53 2422
24 4400
163 652
13 5522
47 4695
361 2608
286 609
63 3770
192 3128
10 1078
204 1248
4 2388
302 1300
216 1847
31 2981
456 832
8 4453
95 2785
101 2403
16 3739
2 8421
7 6980
95 1162
8 5582
100 2986
217 2838
371 2270
1 8716
127 1589
6 1779
18 1698
254 1944
39 3773
285 2864
93 2942
406 2463
195 2497
1 4861
72 3371
100 1998
53 3906
17 5360
105 1931
10 4447
7 11926
19 4080
92 3277
90 3143
46 4770
67 3946
108 3295
58 6818
224 2857
13 1982
180 2122
53 2570
51 4457
83 3553
200 2512
242 2041
25 5117
199 3749
362 3202
31 5185
126 3625
60 3928
140 5559
66 3304
46 3950
81 3589
2 4127
11 4006
26 12357
10 4888
4 5085
122 5111
4 5851
13 6498
136 1432
3 6926
56 3636
39 2940
30 6787
17 5646
24 3448
75 4621
15 5498
16 5375
22 3239
98 2948
244 2529
20 4378
236 2589
25 4580
11 5058
53 3258
119 2735
271 1407
269 721
58 2946
14 5926
1 6978
12 4608
414 2401
94 1451
117 2911
96 2329
17 5089
66 5133
442 1421
9 2835
63 3046
24 2278
254 1207
51 4001
2 6369
4 4443
5 4685
61 6310
427 1819
21 4687
13 7461
41 7454
80 2417
1 12621
1 9321
1 8235
309 1479
2 5351
27 3433
176 4728
266 2301
9 3498
83 1206
4 8677
5 5841
11 3583
17 2331
2 5177
2 10833
43 4450
8 5908
10 3901
31 5184
46 4029
147 2389
1 13315
1 7359
11 9146
54 6595
5 6856
77 3356
29 6545
224 4099
1 15104
62 4162
779 3027
283 2826
108 2515
14 4696
286 3783
659 1646
58 2625
114 1763
64 3003
54 3498
167 3148
7 6897
1 6406
350 1696
3 8240
28 2837
19 4153
8 11247
22 4473
5 6954
519 2461
38 3785
145 5310
177 4441
15 5092
1 7104
42 4728
49 4285
417 755
67 2147
2 5349
150 1800
267 1189
4 3023
280 590
104 3355
115 3074
202 425
194 1320
1 6681
1 5082
59 534
1 5623
180 1747
15 4272
71 3617
258 489
106 2589
157 1354
20 6496
154 987
27 3228
14 646
162 1637
174 1301
42 4991
172 2216
4 6621
115 666
100 4413
5 5749
1 6594
7 5153
41 2821
14 5429
143 845
51 1165
268 1306
20 6889
27 3204
4 3449
14 1763
117 1930
237 1631
205 1105
260 1130
135 1373
4 3887
146 1716
4 2328
84 1851
91 2164
352 1765
61 2913
23 2306
4 10100
101 1939
109 2015
69 1921
138 2628
46 1804
113 1734
35 4992
200 2156
28 2074
58 2351
10 4630
263 2315
67 1741
75 2333
41 2829
72 2680
163 2004
145 2111
40 2965
73 2253
97 2182
2 7269
44 2713
109 2650
102 2425
51 2556
3 2371
11 4644
14 6134
9 4707
4 4919
30 5235
1 5684
1 7044
23 4672
45 2562
2 5099
120 2603
101 1199
8 4960
51 3820
44 1707
54 2794
94 3671
109 3548
14 3467
192 1207
575 1043
1 6438
335 848
40 3547
1 6367
34 3232
163 1471
245 908
74 1635
104 1880
305 1119
16 4100
14 5151
25 3575
495 574
249 1113
24 4886
42 3378
21 4090
76 3322
76 2759
6 4154
17 3943
1 9864
1 10744
1 7625
9 3260
19 3244
154 2260
1 7662
5 5132
176 4483
217 830
22 3014
54 5635
66 5627
72 2631
1 8352
64 2293
1 7983
46 3343
1 13236
33 2917
2 6988
88 4361
1 5712
6 3375
11 4015
4 4540
17 4001
5 3254
22 3350
27 9006
633 2139
82 4081
1 5279
21 3373
129 2203
16 4058
1 11042
17 5548
212 7319
28 4769
57 5045
48 2594
18 4719
138 2776
2 13277
224 2335
3 4248
179 1937
538 612
376 689
2 9791
1 8734
25 3848
42 2311
68 2628
104 1882
72 1992
250 884
2 4326
380 1757
165 2008
29 5071
5 5794
32 3706
9 6414
2 5612
1 11418
1 13690
11 3065
8 4381
66 5241
1 14703
1 12402
111 2331
1 7491
119 750
22 3392
50 2557
50 2534
2 6385
105 3241
2 9898
1 6873
1 11767
1 9606
2 5966
29 3915
28 5990
11 4134
9 5276
86 4475
126 6518
32 5773
46 4812
245 3150
10 4916
50 4882
2826 627
29 5485
350 289
15 4735
14 5653
118 4941
38 5670
23 4536
88 6832
9 6932
19 6068
1 4067
193 4136
12 5450
176 4710
74 4909
4 4800
168 4924
9 6260
23 5847
49 4323
58 5729
4 12136
9 6058
34 4521
8 5581
37 6048
4 5900
95 5332
5 6565
98 4200
23 4263
40 6010
1 5108
30 5354
4 6835
134 5926
216 6004
66 5526
29 5559
1 10282
63 6433
6 5588
17 6968
316 1824
18 5687
76 7118
11 6170
1 7143
13 6339
29 6205
66 10598
15 6617
107 4841
30 8384
1868 4302
1 3949
181 3467
126 2155
7 12566
16 7519
6 6615
15 6443
209 5923
1 8179
26 6812
33 6264
1 8247
2 6687
7 6990
1 12231
6 7186
30 7012
25 5135
4 5673
2 6486
8 8770
28 7962
3 8992
1 8559
244 6933
43 3269
11 8690
221 4726
5 5352
1 8562
95 6299
37 5750
179 7889
329 5798
61 8516
191 1949
205 5892
136 5244
39 5053
168 5394
41 5008
16 8529
330 6157
169 5797
142 3885
72 4698
22 6008
19 6107
36 8741
15 4953
115 5463
2 4370
63 4128
124 4813
6 6463
4 11052
7 7594
93 10734
44 5125
15 9695
14 5487
11 5319
72 5530
1 6498
5 5939
11 5123
109 2989
1049 5637
1 9915
9 6407
1 6733
91 9736
45 4653
38 5339
15 7304
1 10458
988 6415
296 6737
445 3093
1 16337
3 9336
1 7709
267 3597
39 3454
143 4199
4 9290
2 5651
143 3651
2 4984
126 3514
238 925
7 4815
19 9385
6 9623
153 594
1 15616
1 18748
84 8163
99 4244
16 12861
46 6307
9 15289
379 4363
39 8320
26 7153
194 8110
2 5355
155 6089
72 5888
1 8986
30 5578
11 8380
2 9308
21 4689
3 6984
14 5628
17 4495
64 3958
14 6107
3 3370
576 5428
42 4694
2 10613
1 5759
337 3631
17 13013
1 12691
1 7182
1 10550
12 7204
4 19232
40 2710
108 1749
1 14963
38 9502
13 6381
16 8716
55 5523
95 3535
6 8372
32 8832
7 7056
2 9162
40 6505
1 8131
2 7673
1 8166
318 2712
480 401
149 1998
164 4312
646 3240
1 4635
256 2247
211 4350
4555 1441
1070 1390
130 478
6 8292
12 4639
403 1964
74 4741
324 227
115 5307
506 4480
1 9352
895 2393
609 977
573 3555
82 8107
361 2547
7 1446
1525 1616
7 1929
3024 1001
3914 1388
187 3347
3704 604
28 4794
665 2569
519 2845
91 4080
7 8206
22 6765
371 1529
38 5367
606 2771
325 2555
2 10316
5849 1605
60 8501
1275 1943
26 2108
1809 2522
55 1399
4787 1535
101 3282
1419 2405
520 2483
1737 2005
685 1974
1108 3378
268 1640
392 3416
144 5144
923 1573
374 3957
55 11711
32 3590
241 2818
696 2685
224 4279
483 3455
81 3079
71 6603
1353 2641
8 1766
1416 1907
60 2910
3 8636
331 3966
302 3377
736 2153
2558 1683
91 4902
993 3291
1265 2743
36 4969
281 3166
1 7271
249 3469
5 8880
119 5344
2 8675
314 2946
720 3448
5 9375
21 3374
106 3648
14 7560
211 4530
81 4727
304 4752
25 5492
4 6852
225 6283
575 1216
41 6711
541 3420
76 2725
43 6572
34 5431
149 3232
143 4405
268 5283
297 5160
122 3024
763 2732
1378 2314
88 4719
1140 2374
205 4365
2 7978
295 4843
109 3043
1145 2519
886 1191
879 505
83 2731
43 5711
38 6762
93 4393
1768 2185
208 1235
234 3252
1618 2037
6 13165
3 9074
1 10274
1 16337
2 11933
1 15899
185 4874
2 14212
440 4958
3201 1419
94 2477
886 2947
3 13530
10 10294
11 12356
1 9237
544 1919
677 1548
612 3786
11 6666
154 4137
10 4982
1 5697
58 6095
1966 1603
9 11140
2 8538
86 4471
188 7246
399 7239
531 2201
1 8575
2220 1263
9 5692
1 10208
4 8981
157 3218
384 4552
4 5523
2612 2642
39 3839
936 1547
1 8461
3 8181
5 5626
14 3923
162 2685
12 4961
5 10618
185 4234
54 5692
42 4241
77 4089
8 7433
397 3814
1596 2718
2 8156
6 7184
89 8930
158 6380
107 6681
285 3141
162 6330
478 3741
1 14889
119 3947
4 4721
5362 2012
1 9542
973 2611
129 2300
24 10345
6 7786
4 8003
1 14473
31 4481
72 3425
2104 1288
194 2410
314 1027
828 2787
4 4503
667 3283
81 2932
25 6682
3 6190
1943 2037
1 9556
9 8760
82 8025
2 7223
2 15302
121 2621
30 3938
1 9248
83 11032
1 11977
6 10032
2 9141
3 9913
82 3892
1 12994
6 7294
16 7299
2060 2002
51 3570
575 5095
253 4226
2 14017
134 5390
6 6746
48 4512
4 12564
7 11729
1 13378
2 11217
45 5774
162 3927
264 307
165 2595
433 590
7 5798
361 2248
859 598
1 2577
107 3336
1287 3522
1581 873
285 1769
3 6234
2 5531
415 985
10 6072
324 2195
197 4132
97 3598
1 11075
243 631
134 3040
383 860
57 6049
293 560
113 3679
13 1094
687 2087
661 1750
36 5441
555 2667
2 7070
171 633
118 4863
2 6100
11 6148
58 4444
86 3269
36 4719
250 1032
92 1624
1 8258
823 1754
44 6443
80 3652
5 3897
35 2212
398 2378
198 1818
225 1541
327 1463
226 1821
2 3440
275 2164
3 2210
1 6654
220 2038
87 2613
268 1952
22 6036
172 3362
149 2493
12 9653
37 2126
71 2202
87 2364
230 2479
107 1992
166 2038
190 4545
345 2712
8 2453
326 2799
5 5078
1 6578
221 2502
93 2184
278 2776
168 3277
22 2465
217 2191
372 2560
132 2533
118 2614
294 2369
2 6822
179 2907
1 6617
134 3098
372 2783
4 7317
1 9257
39 2861
9 2688
54 5092
24 6102
28 5155
22 5368
81 5671
26 6133
141 4225
135 3010
114 4653
240 2908
290 1504
26 4514
112 3142
1 12080
240 1489
355 2108
230 2962
370 3101
25 3916
636 990
1235 1270
5 6887
1428 1153
100 3668
98 2785
362 985
624 457
223 2083
260 2329
341 672
264 3390
24 4704
105 3575
1080 560
219 1561
56 5336
173 3826
4 11107
3 7016
9 8215
1 7051
1 14279
2 9875
2 13324
52 4523
2 12154
140 3758
261 3207
10 4602
73 4391
5 8236
4 7179
1 8423
87 3708
53 3692
967 2578
1 13144
2 13041
9 5581
2 6426
1 7141
350 4037
522 1278
9 9082
9 6480
144 3115
2 6064
104 5188
169 5181
87 3414
1 10348
1 8801
357 2741
1 9622
35 3609
11 12790
207 3353
160 4810
5 6163
50 3823
2 6403
4 6123
26 3568
7 4988
65 4449
5 2823
83 2903
49 8560
726 1798
278 3634
6 5727
27 3642
11 9628
2 13726
533 1756
92 4507
1 10595
9 6156
707 6872
146 4059
2 5601
65 5653
95 2898
44 4272
359 3134
2 12831
495 1889
5 3538
636 2385
318 123
2 12093
206 289
2 12730
2 10650
3 9345
4 11379
1 8287
4 6758
1 11487
18 4152
45 2669
382 3077
205 2187
287 2440
336 823
979 2062
78 2313
93 4624
3 5084
517 4157
17 7498
3 6702
2 6513
